34, 11, 33, 20, 72, 97, 69, 23, 2, 98
5, 22, 35, 60, 48, 49, 26, 72, 78, 62
10, 74, 85, 96, 6, 27, 0, 72, 21, 23
1, 8, 32, 2, 91, 70, 70, 88, 51, 52
22, 2, 98, 45, 51, 56, 20, 8, 40, 41
64, 21, 55, 87, 78, 90, 65, 15, 53, 11
30, 99, 29, 44, 18, 48, 55, 18, 27, 52
98, 10, 20, 74, 44, 95, 72, 41, 43, 9
60, 56, 91, 59, 15, 30, 24, 83, 45, 99
90, 39, 12, 6, 45, 28, 13, 55, 92, 71
5, 23, 66, 24, 39, 26, 34, 47, 71, 27
60, 5, 33, 14, 64, 31, 69, 60, 32, 10
33, 41, 71, 4, 23, 80, 52, 19, 18, 59
5, 76, 12, 59, 17, 79, 83, 39, 82, 91
17, 13, 24, 40, 58, 47, 2, 47, 61, 44
84, 52, 10, 0, 87, 35, 91, 51, 63, 31
59, 42, 55, 75, 90, 1, 49, 53, 77, 69
15, 22, 58, 81, 2, 9, 23, 9, 58, 56
52, 29, 45, 98, 51, 98, 21, 10, 64, 35
80, 83, 35, 99, 91, 90, 47, 2, 70, 58
32, 63, 34, 69, 0, 34, 73, 37, 89, 53
39, 52, 2, 47, 0, 8, 7, 25, 93, 21
99, 87, 52, 7, 86, 99, 5, 12, 47, 93
24, 86, 65, 70, 36, 18, 80, 83, 44, 92
5, 56, 91, 37, 79, 33, 14, 15, 7, 70
25, 79, 64, 95, 84, 23, 12, 48, 23, 14
6, 64, 74, 61, 86, 41, 29, 38, 16, 89
93, 68, 96, 65, 27, 67, 45, 58, 44, 41
35, 49, 93, 77, 81, 76, 11, 35, 2, 85
54, 89, 81, 28, 65, 66, 8, 76, 13, 80
28, 67, 7, 38, 98, 7, 82, 9, 37, 79
93, 28, 40, 83, 67, 1, 10, 9, 82, 86
66, 31, 33, 43, 5, 59, 8, 96, 40, 9
1, 82, 95, 26, 95, 79, 41, 44, 97, 20
54, 76, 55, 57, 42, 84, 81, 65, 18, 76
19, 20, 38, 99, 10, 79, 46, 22, 54, 86
82, 7, 29, 91, 73, 2, 54, 66, 88, 55
89, 79, 14, 91, 79, 5, 46, 65, 27, 12
94, 2, 67, 38, 60, 57, 51, 8, 18, 76
4, 60, 17, 12, 96, 49, 55, 35, 97, 83
13, 62, 58, 98, 46, 9, 61, 39, 23, 82
75, 94, 78, 21, 70, 10, 69, 11, 33, 15
26, 45, 32, 78, 50, 12, 39, 39, 88, 47
61, 38, 46, 86, 14, 44, 60, 74, 81, 96
26, 15, 10, 2, 13, 59, 44, 80, 52, 96
94, 91, 1, 14, 32, 7, 2, 88, 57, 8
63, 4, 58, 0, 46, 66, 93, 3, 51, 97
2, 26, 11, 84, 63, 36, 6, 22, 19, 25
46, 78, 61, 70, 71, 92, 90, 44, 55, 71
46, 80, 2, 42, 76, 43, 68, 64, 83, 93
57, 30, 45, 12, 30, 38, 82, 60, 1, 65
40, 54, 78, 10, 64, 21, 26, 17, 3, 86
71, 69, 36, 18, 63, 91, 49, 52, 87, 6
95, 69, 72, 69, 87, 58, 76, 93, 56, 80
15, 31, 90, 28, 77, 65, 42, 73, 40, 84
84, 38, 81, 92, 65, 4, 20, 26, 69, 51
53, 27, 44, 52, 52, 47, 6, 35, 32, 24
78, 53, 17, 44, 47, 21, 12, 92, 52, 41
0, 82, 3, 33, 48, 64, 4, 31, 20, 7
65, 96, 95, 5, 49, 61, 34, 75, 67, 74
44, 38, 49, 96, 86, 12, 40, 15, 61, 5
10, 48, 16, 78, 16, 84, 69, 25, 57, 0
22, 53, 96, 63, 93, 20, 72, 25, 63, 20
92, 51, 40, 21, 94, 96, 90, 50, 5, 81
96, 13, 57, 31, 57, 24, 32, 97, 55, 89
87, 21, 86, 51, 75, 94, 87, 44, 20, 35
53, 97, 32, 18, 33, 60, 60, 49, 48, 6
54, 8, 59, 80, 63, 33, 48, 10, 90, 24
87, 1, 85, 53, 48, 85, 70, 68, 65, 62
20, 48, 16, 37, 15, 77, 71, 57, 51, 49
89, 65, 53, 64, 44, 63, 19, 96, 35, 16
97, 29, 8, 52, 60, 94, 67, 98, 44, 3
53, 30, 15, 76, 81, 45, 50, 4, 44, 8
67, 34, 43, 98, 56, 45, 12, 19, 35, 12
31, 27, 78, 65, 11, 16, 81, 12, 54, 26
10, 76, 8, 98, 40, 74, 7, 3, 87, 9
63, 35, 59, 20, 13, 58, 94, 95, 46, 95
90, 26, 43, 47, 80, 54, 23, 70, 70, 82
99, 18, 20, 71, 29, 34, 70, 43, 74, 33
12, 62, 22, 34, 82, 5, 53, 65, 18, 40
13, 61, 64, 84, 96, 45, 85, 95, 20, 66
66, 52, 67, 45, 17, 97, 84, 57, 26, 40
77, 80, 75, 62, 93, 81, 32, 65, 5, 33
58, 39, 7, 97, 41, 74, 40, 46, 77, 71
49, 56, 40, 13, 26, 58, 90, 95, 73, 21
25, 34, 7, 60, 36, 47, 74, 28, 30, 56
43, 2, 84, 16, 46, 28, 97, 68, 49, 30
85, 99, 9, 74, 62, 64, 1, 75, 88, 37
8, 44, 87, 99, 6, 22, 20, 23, 96, 46
51, 67, 7, 36, 5, 36, 79, 31, 46, 3
64, 20, 7, 70, 90, 40, 46, 37, 91, 48
29, 43, 70, 98, 37, 78, 10, 51, 45, 12
15, 52, 9, 13, 16, 18, 62, 74, 86, 52
34, 27, 81, 51, 48, 26, 57, 67, 17, 99
63, 18, 28, 26, 55, 51, 63, 56, 17, 51
63, 69, 5, 5, 9, 76, 54, 38, 76, 50
53, 79, 14, 85, 49, 60, 89, 10, 28, 15
75, 85, 26, 54, 83, 24, 25, 67, 26, 35
92, 86, 49, 78, 23, 73, 63, 32, 13, 80
0, 65, 80, 68, 55, 20, 56, 90, 61, 41
